a = [
1 5 4 
3 4 3 
4 3 2 
]